[array([[[355, 465]],

       [[353, 467]],

       [[353, 471]],

       [[354, 472]],

       [[356, 472]],

       [[357, 471]],

       [[357, 465]]], dtype=int32), array([[[351, 425]],

       [[350, 426]],

       [[350, 427]],

       [[349, 428]],

       [[349, 431]],

       [[350, 432]],

       [[353, 432]],

       [[354, 431]],

       [[354, 428]],

       [[353, 427]],

       [[353, 426]],

       [[352, 426]]], dtype=int32), array([[[347, 387]],

       [[346, 388]],

       [[346, 392]],

       [[347, 393]],

       [[348, 392]],

       [[349, 392]],

       [[350, 391]],

       [[350, 390]],

       [[349, 389]],

       [[349, 388]],

       [[348, 388]]], dtype=int32), array([[[364, 350]],

       [[366, 350]]], dtype=int32), array([[[343, 350]],

       [[342, 351]],

       [[343, 352]],

       [[344, 352]],

       [[345, 351]],

       [[345, 350]]], dtype=int32), array([[[401, 344]]], dtype=int32), array([[[608, 320]]], dtype=int32), array([[[605, 320]],

       [[605, 322]],

       [[606, 323]],

       [[606, 324]],

       [[607, 323]],

       [[607, 322]],

       [[606, 321]],

       [[606, 320]]], dtype=int32), array([[[605, 304]],

       [[605, 308]],

       [[606, 309]],

       [[606, 311]],

       [[605, 312]],

       [[607, 312]],

       [[607, 310]],

       [[608, 309]],

       [[608, 305]],

       [[607, 304]]], dtype=int32), array([[[351, 301]],

       [[352, 302]],

       [[353, 301]]], dtype=int32), array([[[599, 299]],

       [[599, 301]],

       [[598, 302]],

       [[598, 303]],

       [[596, 305]],

       [[596, 306]],

       [[597, 307]],

       [[599, 307]],

       [[600, 306]],

       [[600, 305]],

       [[602, 303]],

       [[603, 303]],

       [[603, 302]],

       [[602, 302]],

       [[601, 301]],

       [[601, 300]],

       [[600, 299]]], dtype=int32), array([[[318, 296]],

       [[317, 297]],

       [[316, 297]],

       [[317, 297]]], dtype=int32), array([[[603, 292]],

       [[602, 293]],

       [[601, 293]],

       [[603, 293]]], dtype=int32), array([[[597, 288]],

       [[599, 290]],

       [[599, 289]],

       [[598, 288]]], dtype=int32), array([[[322, 288]],

       [[323, 289]],

       [[323, 290]],

       [[321, 292]],

       [[320, 292]],

       [[320, 294]],

       [[323, 291]],

       [[323, 289]],

       [[324, 288]],

       [[325, 288]],

       [[324, 288]],

       [[323, 289]]], dtype=int32), array([[[328, 284]],

       [[328, 285]],

       [[327, 286]],

       [[325, 286]],

       [[327, 286]],

       [[328, 285]]], dtype=int32), array([[[320, 284]],

       [[318, 286]],

       [[316, 286]],

       [[315, 285]],

       [[314, 285]],

       [[315, 285]],

       [[316, 286]],

       [[317, 286]],

       [[318, 287]],

       [[317, 288]],

       [[314, 288]],

       [[314, 289]],

       [[315, 290]],

       [[318, 287]],

       [[318, 286]],

       [[319, 285]],

       [[322, 285]],

       [[321, 284]]], dtype=int32), array([[[361, 282]],

       [[360, 283]],

       [[360, 284]],

       [[359, 285]],

       [[359, 287]],

       [[359, 285]],

       [[360, 284]],

       [[360, 283]]], dtype=int32), array([[[321, 282]],

       [[322, 282]]], dtype=int32), array([[[319, 282]],

       [[318, 283]],

       [[316, 283]],

       [[318, 283]]], dtype=int32), array([[[312, 281]]], dtype=int32), array([[[604, 279]],

       [[605, 280]],

       [[603, 282]],

       [[601, 282]],

       [[600, 283]],

       [[595, 283]],

       [[592, 286]],

       [[592, 288]],

       [[593, 287]],

       [[595, 287]],

       [[596, 286]],

       [[599, 286]],

       [[600, 285]],

       [[601, 286]],

       [[601, 287]],

       [[602, 287]],

       [[602, 286]],

       [[603, 285]],

       [[604, 285]],

       [[607, 288]],

       [[607, 284]],

       [[608, 283]],

       [[608, 282]],

       [[606, 280]],

       [[605, 280]]], dtype=int32), array([[[362, 279]],

       [[363, 280]],

       [[364, 280]],

       [[364, 279]]], dtype=int32), array([[[316, 279]],

       [[317, 279]]], dtype=int32), array([[[367, 278]],

       [[367, 279]]], dtype=int32), array([[[319, 277]]], dtype=int32), array([[[384, 276]],

       [[384, 277]],

       [[382, 279]],

       [[383, 280]],

       [[383, 281]],

       [[384, 281]],

       [[386, 279]],

       [[387, 279]],

       [[388, 278]],

       [[389, 278]],

       [[388, 277]],

       [[386, 277]],

       [[385, 276]]], dtype=int32), array([[[316, 276]]], dtype=int32), array([[[320, 272]],

       [[321, 272]]], dtype=int32), array([[[313, 272]]], dtype=int32), array([[[308, 271]]], dtype=int32), array([[[382, 270]],

       [[382, 271]]], dtype=int32), array([[[212, 264]],

       [[212, 266]],

       [[211, 267]],

       [[211, 281]],

       [[212, 282]],

       [[212, 283]],

       [[211, 284]],

       [[212, 285]],

       [[212, 287]],

       [[218, 287]],

       [[219, 288]],

       [[223, 288]],

       [[224, 287]],

       [[224, 286]],

       [[225, 285]],

       [[225, 267]],

       [[224, 266]],

       [[223, 266]],

       [[221, 264]]], dtype=int32), array([[[324, 256]],

       [[324, 258]],

       [[325, 257]]], dtype=int32), array([[[311, 255]],

       [[310, 256]],

       [[312, 256]],

       [[312, 255]]], dtype=int32), array([[[324, 248]],

       [[324, 251]]], dtype=int32), array([[[324, 245]],

       [[323, 246]]], dtype=int32), array([[[323, 240]],

       [[323, 241]],

       [[319, 245]],

       [[319, 246]],

       [[320, 247]],

       [[320, 255]],

       [[321, 256]],

       [[321, 257]],

       [[322, 257]],

       [[321, 256]],

       [[321, 251]],

       [[320, 250]],

       [[320, 246]],

       [[321, 245]],

       [[321, 244]],

       [[323, 242]]], dtype=int32), array([[[322, 225]],

       [[320, 227]],

       [[320, 228]],

       [[321, 229]],

       [[321, 230]],

       [[322, 231]],

       [[324, 231]],

       [[323, 231]],

       [[322, 230]],

       [[323, 229]],

       [[324, 229]],

       [[326, 227]],

       [[324, 225]]], dtype=int32), array([[[263, 204]],

       [[263, 205]],

       [[264, 206]],

       [[264, 207]],

       [[264, 206]],

       [[263, 205]]], dtype=int32), array([[[269, 192]],

       [[268, 193]],

       [[267, 193]],

       [[269, 195]],

       [[269, 196]]], dtype=int32), array([[[267, 172]]], dtype=int32), array([[[297, 170]],

       [[298, 171]],

       [[299, 171]],

       [[299, 170]]], dtype=int32), array([[[295, 170]],

       [[295, 171]],

       [[296, 172]],

       [[295, 171]]], dtype=int32), array([[[479,  65]],

       [[478,  66]],

       [[475,  66]],

       [[474,  67]],

       [[471,  67]],

       [[470,  66]],

       [[469,  67]],

       [[465,  67]],

       [[465,  68]],

       [[466,  69]],

       [[466,  71]],

       [[467,  72]],

       [[467,  74]],

       [[468,  75]],

       [[468,  77]],

       [[469,  78]],

       [[469,  79]],

       [[470,  80]],

       [[470,  83]],

       [[471,  84]],

       [[471,  85]],

       [[472,  86]],

       [[472,  87]],

       [[473,  88]],

       [[473,  91]],

       [[474,  92]],

       [[474,  94]],

       [[476,  96]],

       [[476,  99]],

       [[477, 100]],

       [[477, 102]],

       [[478, 103]],

       [[478, 105]],

       [[479, 106]],

       [[479, 108]],

       [[480, 109]],

       [[480, 111]],

       [[481, 112]],

       [[481, 114]],

       [[482, 115]],

       [[482, 117]],

       [[483, 118]],

       [[483, 119]],

       [[484, 120]],

       [[484, 123]],

       [[485, 124]],

       [[485, 127]],

       [[484, 128]],

       [[480, 128]],

       [[479, 129]],

       [[471, 129]],

       [[470, 130]],

       [[464, 130]],

       [[463, 131]],

       [[461, 131]],

       [[460, 132]],

       [[457, 132]],

       [[456, 131]],

       [[455, 132]],

       [[450, 132]],

       [[449, 133]],

       [[444, 133]],

       [[443, 134]],

       [[437, 134]],

       [[436, 135]],

       [[432, 135]],

       [[431, 136]],

       [[425, 136]],

       [[424, 137]],

       [[419, 137]],

       [[418, 138]],

       [[410, 138]],

       [[409, 139]],

       [[408, 139]],

       [[407, 140]],

       [[397, 140]],

       [[396, 141]],

       [[389, 141]],

       [[388, 142]],

       [[384, 142]],

       [[383, 143]],

       [[379, 143]],

       [[378, 144]],

       [[372, 144]],

       [[371, 145]],

       [[367, 145]],

       [[366, 146]],

       [[359, 146]],

       [[358, 147]],

       [[352, 147]],

       [[351, 148]],

       [[349, 148]],

       [[348, 147]],

       [[348, 145]],

       [[347, 144]],

       [[347, 140]],

       [[346, 139]],

       [[346, 131]],

       [[345, 130]],

       [[345, 125]],

       [[344, 124]],

       [[344, 120]],

       [[343, 119]],

       [[343, 112]],

       [[342, 111]],

       [[342, 107]],

       [[341, 106]],

       [[341,  99]],

       [[340,  98]],

       [[340,  91]],

       [[339,  90]],

       [[339,  86]],

       [[338,  85]],

       [[336,  85]],

       [[334,  87]],

       [[326,  87]],

       [[325,  88]],

       [[323,  88]],

       [[322,  89]],

       [[322,  95]],

       [[323,  96]],

       [[323, 106]],

       [[324, 107]],

       [[324, 111]],

       [[325, 112]],

       [[325, 120]],

       [[326, 121]],

       [[326, 128]],

       [[327, 129]],

       [[327, 135]],

       [[328, 136]],

       [[328, 147]],

       [[329, 148]],

       [[329, 156]],

       [[330, 157]],

       [[330, 163]],

       [[331, 164]],

       [[334, 164]],

       [[335, 163]],

       [[342, 163]],

       [[343, 162]],

       [[347, 162]],

       [[348, 161]],

       [[354, 161]],

       [[355, 160]],

       [[359, 160]],

       [[360, 159]],

       [[368, 159]],

       [[369, 158]],

       [[375, 158]],

       [[376, 157]],

       [[380, 157]],

       [[381, 156]],

       [[389, 156]],

       [[390, 155]],

       [[396, 155]],

       [[397, 154]],

       [[402, 154]],

       [[403, 153]],

       [[409, 153]],

       [[410, 152]],

       [[414, 152]],

       [[415, 151]],

       [[422, 151]],

       [[423, 150]],

       [[427, 150]],

       [[428, 149]],

       [[436, 149]],

       [[437, 148]],

       [[444, 148]],

       [[445, 147]],

       [[447, 147]],

       [[448, 146]],

       [[455, 146]],

       [[456, 145]],

       [[461, 145]],

       [[462, 144]],

       [[469, 144]],

       [[470, 143]],

       [[477, 143]],

       [[478, 142]],

       [[484, 142]],

       [[485, 141]],

       [[490, 141]],

       [[491, 140]],

       [[496, 140]],

       [[497, 139]],

       [[505, 139]],

       [[506, 138]],

       [[508, 138]],

       [[508, 135]],

       [[507, 134]],

       [[507, 132]],

       [[506, 131]],

       [[506, 129]],

       [[505, 128]],

       [[505, 126]],

       [[504, 125]],

       [[504, 124]],

       [[503, 123]],

       [[503, 120]],

       [[502, 119]],

       [[502, 118]],

       [[501, 117]],

       [[501, 115]],

       [[500, 114]],

       [[500, 113]],

       [[499, 112]],

       [[499, 109]],

       [[498, 108]],

       [[498, 107]],

       [[497, 106]],

       [[497, 104]],

       [[496, 104]],

       [[495, 103]],

       [[495,  99]],

       [[494,  98]],

       [[494,  96]],

       [[493,  95]],

       [[493,  94]],

       [[492,  93]],

       [[492,  91]],

       [[491,  90]],

       [[491,  89]],

       [[490,  88]],

       [[490,  86]],

       [[487,  83]],

       [[487,  78]],

       [[486,  77]],

       [[486,  76]],

       [[485,  75]],

       [[485,  73]],

       [[484,  72]],

       [[484,  71]],

       [[483,  70]],

       [[483,  69]],

       [[482,  68]],

       [[482,  67]],

       [[480,  65]]], dtype=int32)]
